1: chunk 19, 23, 29, 32, 47, 58, 61, 71, 91, 105, 107, 109, 117, 121, 130, 132, 142, 149, 150, 158, 160, 170, 177, 214, 218
2: chunk 6, 10, 18, 43, 45, 60, 66, 81, 85, 113, 114, 128, 137, 139, 179, 183, 186, 196, 217
3: chunk 42, 46, 78, 82, 101, 103, 175, 203, 219
4: chunk 1, 2, 13, 21, 22, 25, 33, 35, 38, 39, 44, 52, 65, 70, 74, 77, 80, 83, 90, 94, 100, 102, 123, 131, 143, 157, 194, 197, 201, 205, 212, 216
5: chunk 3, 8, 20, 24, 27, 86, 125, 135, 144, 146, 151, 155, 168, 178, 190, 193, 206, 210, 215
6: chunk 7, 9, 14, 17, 29, 37, 49, 53, 57, 63, 68, 88, 93, 95, 108, 111, 115, 118, 120, 124, 126, 136, 138, 145, 153, 154, 156, 159, 161, 163, 165, 185, 192, 220
7: chunk 5, 11, 16, 26, 31, 36, 50, 54, 64, 69, 72, 73, 79, 84, 87, 96, 104, 110, 127, 129, 133, 147, 152, 166, 172, 173, 181, 182, 189
8: chunk 12, 30, 48, 76, 92, 97, 134, 141, 162, 174, 180, 195, 200, 209
9: chunk 4, 15, 28, 34, 40, 41, 51, 55, 56, 59, 62, 67, 75, 89, 98, 99, 106, 112, 116, 119, 122, 140, 148, 164, 167, 169, 171, 176, 184, 187, 188, 191, 198, 199, 202, 204, 207, 208, 211, 213, 221
10: summary 1, 2, 3, 4, 5, 6, 7, 8, 9
