1: chunk 16, 21, 24, 47, 48, 79, 94, 107, 122, 123, 125, 145, 146, 148, 150, 164, 169, 176, 178, 182, 192, 193, 199, 202, 212, 213, 214
2: chunk 10, 26, 37, 45, 52, 62, 68, 70, 74, 84, 88, 90, 92, 104, 113, 128, 137, 142, 151, 157, 160, 168, 173, 175, 189, 196, 197, 200, 219
3: chunk 3, 6, 9, 18, 19, 31, 36, 40, 60, 75, 89, 91, 106, 118, 119, 120, 130, 140, 156, 187, 190, 203, 207, 221
4: chunk 12, 38, 39, 42, 43, 65, 69, 87, 100, 103, 134, 135, 167, 208
5: chunk 1, 15, 27, 28, 34, 53, 55, 57, 61, 80, 102, 114, 143, 162, 163, 180, 184, 198, 204, 205, 209
6: chunk 8, 22, 29, 30, 32, 41, 49, 59, 95, 96, 124, 131, 138, 139, 158, 159, 191, 194, 215
7: chunk 20, 46, 54, 78, 108, 117, 126, 133, 154, 183, 186, 201, 210
8: chunk 13, 14, 33, 35, 58, 63, 64, 67, 81, 85, 86, 115, 116, 121, 132, 141, 153, 155, 171, 177, 181, 188, 206, 217
9: chunk 4, 7, 23, 51, 83, 97, 109, 110, 218
10: chunk 2, 5, 11, 17, 25, 44, 56, 66, 71, 73, 76, 77, 82, 93, 99, 101, 129, 144, 147, 152, 161, 165, 166, 170, 174, 180, 185, 216, 220
11: chunk 50, 72, 98, 105, 111, 112, 127, 136, 149, 172, 179, 195, 211
12: summary 1, 2, 3, 4, 5, 6, 7, 8, 9, 10, 11
