1: chunk 4, 9, 14, 18, 19, 22, 25, 43, 44, 57, 62, 78, 93, 103, 106, 120, 138, 145, 160, 163, 169, 170, 176, 177, 185, 192, 194, 197, 198, 199, 202
2: chunk 17, 27, 38, 40, 41, 50, 68, 69, 72, 83, 94, 95, 97, 100, 101, 110, 112, 117, 126, 133, 141, 149, 165, 171, 172, 183, 187, 195
3: chunk 1, 3, 5, 6, 10, 16, 28, 29, 34, 45, 48, 54, 61, 66, 67, 96, 121, 122, 136, 151, 154, 156, 159, 166, 184, 211, 213, 216
4: chunk 21, 33, 51, 52, 58, 65, 73, 76, 77, 88, 90, 91, 105, 108, 115, 119, 129, 146, 155, 167, 168, 174, 175, 180, 182, 186, 191, 193, 196, 200, 201, 203, 205, 209, 214, 219
5: chunk 15, 47, 80, 81, 82, 147, 157, 190, 212, 217, 220
6: chunk 8, 20, 31, 32, 37, 49, 55, 70, 71, 79, 84, 86, 107, 109, 116, 137, 158, 164, 178, 181, 204, 215
7: chunk 2, 24, 53, 56, 64, 98, 104, 131, 143, 150, 173
8: chunk 7, 11, 12, 23, 26, 30, 35, 36, 42, 46, 60, 63, 74, 99, 111, 113, 124, 127, 128, 130, 132, 134, 135, 144, 148, 152, 161, 179, 207, 210, 218
9: chunk 13, 39, 59, 75, 85, 87, 89, 92, 102, 114, 118, 123, 125, 139, 140, 142, 153, 162, 188, 189, 206, 208
10: summary 1, 2, 3, 4, 5, 6, 7, 8, 9
